303.15 ºK, 86.00 ºF
    Celsius      Kelvin  Fahrenheit
       0.00      273.15       32.00
       5.00      278.15       41.00
      10.00      283.15       50.00
      15.00      288.15       59.00
      20.00      293.15       68.00
      25.00      298.15       77.00
      30.00      303.15       86.00

ERROR: Unsupported unit
Usage:
  tempconv
  tempconv <value> f/F/c/C/k/K
  tempconv <from> <to> <step> f/F/c/C/k/K

  e.g. "tempconv -4.1 c"
       "tempconv -10 +160 -20 F"
       "tempconv 200.15 300.15 10.15 k"
    Celsius      Kelvin  Fahrenheit
       0.00      273.15       32.00
       5.00      278.15       41.00
      10.00      283.15       50.00
      15.00      288.15       59.00
      20.00      293.15       68.00
      25.00      298.15       77.00
      30.00      303.15       86.00

    Celsius      Kelvin  Fahrenheit
       0.00      273.15       32.00
       5.00      278.15       41.00
      10.00      283.15       50.00
      15.00      288.15       59.00
      20.00      293.15       68.00
      25.00      298.15       77.00
      30.00      303.15       86.00
    Celsius      Kelvin  Fahrenheit
       0.00      273.15       32.00
       5.00      278.15       41.00
      10.00      283.15       50.00
      15.00      288.15       59.00
      20.00      293.15       68.00
      25.00      298.15       77.00
      30.00      303.15       86.00
269.05 ºK, 24.62 ºF
276.15 ºK, 37.40 ºF
